2009 9 1 10998209.569953 7500813.500000 0.000000 0.000000 123689000.000000 0.000000
2009 9 2 25023339.344687 7500813.500000 0.000000 0.000000 123689000.000000 0.000000
2009 9 3 31508930.015090 7500813.500000 0.000000 0.000000 123689000.000000 0.000000
2009 9 4 31505698.617573 7500813.500000 0.000000 0.000000 123689000.000000 0.000000
2009 9 5 31505287.054921 7500813.500000 0.000000 0.000000 123689000.000000 0.000000
2009 9 6 31505970.015520 7500813.500000 0.000000 0.000000 123689000.000000 0.000000
2009 9 7 31506545.936097 7500813.500000 0.000000 0.000000 123689000.000000 0.000000
2009 9 8 31506263.302859 7500813.500000 0.000000 0.000000 123689000.000000 0.000000
2009 9 9 31502554.396278 7500813.500000 0.000000 0.000000 123689000.000000 0.000000
2009 9 10 31501808.806896 7500813.500000 0.000000 0.000000 123689000.000000 0.000000
2009 9 11 31501609.314982 7500813.500000 0.000000 0.000000 123689000.000000 0.000000
2009 9 12 31501524.081179 7500813.500000 0.000000 0.000000 123689000.000000 0.000000
2009 9 13 31501501.164775 7500813.500000 0.000000 0.000000 123689000.000000 0.000000
2009 9 14 31501492.414392 7500813.500000 0.000000 0.000000 123689000.000000 0.000000
2009 9 15 31501485.764780 7500813.500000 0.000000 0.000000 123689000.000000 0.000000
2009 9 16 31501481.293722 7500813.500000 0.000000 0.000000 123689000.000000 0.000000
2009 9 17 31501449.179740 7500813.500000 0.000000 0.000000 123689000.000000 0.000000
2009 9 18 31502339.971692 7500813.500000 0.000000 0.000000 123689000.000000 0.000000
2009 9 19 31523412.769418 7500813.500000 0.000000 0.000000 123689000.000000 0.000000
2009 9 20 31537177.606382 7500813.500000 0.000000 0.000000 123689000.000000 0.000000
2009 9 21 31525915.035358 7500813.500000 0.000000 0.000000 123689000.000000 0.000000
2009 9 22 31516872.875778 7500813.500000 0.000000 0.000000 123689000.000000 0.000000
2009 9 23 31508980.201370 7500813.500000 0.000000 0.000000 123689000.000000 0.000000
2009 9 24 31504521.788393 7500813.500000 0.000000 0.000000 123689000.000000 0.000000
2009 9 25 31503009.366007 7500813.500000 0.000000 0.000000 123689000.000000 0.000000
2009 9 26 31502984.855476 7500813.500000 0.000000 0.000000 123689000.000000 0.000000
2009 9 27 31502988.924461 7500813.500000 0.000000 0.000000 123689000.000000 0.000000
2009 9 28 31502852.348163 7500813.500000 0.000000 0.000000 123689000.000000 0.000000
2009 9 29 31502726.333790 7500813.500000 0.000000 0.000000 123689000.000000 0.000000
2009 9 30 31501730.692755 7500813.500000 0.000000 0.000000 123689000.000000 0.000000
2009 10 1 29872141.872308 7500813.500000 0.000000 0.000000 123689000.000000 0.000000
2009 10 2 23398508.096694 7500813.500000 0.000000 0.000000 123689000.000000 0.000000
2009 10 3 20404535.861931 7500813.500000 0.000000 0.000000 123689000.000000 0.000000
2009 10 4 20403891.033643 7500813.500000 0.000000 0.000000 123689000.000000 0.000000
2009 10 5 20403834.206241 7500813.500000 0.000000 0.000000 123689000.000000 0.000000
2009 10 6 20403776.139638 7500813.500000 0.000000 0.000000 123689000.000000 0.000000
2009 10 7 20403733.473887 7500813.500000 0.000000 0.000000 123689000.000000 0.000000
2009 10 8 20403713.308589 7500813.500000 0.000000 0.000000 123689000.000000 0.000000
2009 10 9 20403704.877189 7500813.500000 0.000000 0.000000 123689000.000000 0.000000
2009 10 10 20403697.578638 7500813.500000 0.000000 0.000000 123689000.000000 0.000000
2009 10 11 20403690.819297 7500813.500000 0.000000 0.000000 123689000.000000 0.000000
2009 10 12 20403680.462296 7500813.500000 0.000000 0.000000 123689000.000000 0.000000
2009 10 13 20403735.019711 7500813.500000 0.000000 0.000000 123689000.000000 0.000000
2009 10 14 20405331.342635 7500813.500000 0.000000 0.000000 123689000.000000 0.000000
2009 10 15 20406782.326733 7500813.500000 0.000000 0.000000 123689000.000000 0.000000
2009 10 16 20406089.059199 7500813.500000 0.000000 0.000000 123689000.000000 0.000000
2009 10 17 20405128.463487 7500813.500000 0.000000 0.000000 123689000.000000 0.000000
2009 10 18 20404423.545000 7500813.500000 0.000000 0.000000 123689000.000000 0.000000
2009 10 19 20403955.463490 7500813.500000 0.000000 0.000000 123689000.000000 0.000000
2009 10 20 20403785.042898 7500813.500000 0.000000 0.000000 123689000.000000 0.000000
2009 10 21 20404055.138269 7500813.500000 0.000000 0.000000 123689000.000000 0.000000
2009 10 22 20404492.630721 7500813.500000 0.000000 0.000000 123689000.000000 0.000000
2009 10 23 20404512.996362 7500813.500000 0.000000 0.000000 123689000.000000 0.000000
2009 10 24 20404263.406603 7500813.500000 0.000000 0.000000 123689000.000000 0.000000
2009 10 25 20403964.213901 7500813.500000 0.000000 0.000000 123689000.000000 0.000000
2009 10 26 20403764.900628 7500813.500000 0.000000 0.000000 123689000.000000 0.000000
2009 10 27 20403676.434755 7500813.500000 0.000000 0.000000 123689000.000000 0.000000
2009 10 28 20403644.020347 7500813.500000 0.000000 0.000000 123689000.000000 0.000000
2009 10 29 20403635.668885 7500813.500000 0.000000 0.000000 123689000.000000 0.000000
2009 10 30 20403633.166473 7500813.500000 0.000000 0.000000 123689000.000000 0.000000
2009 10 31 20403631.997824 7500813.500000 0.000000 0.000000 123689000.000000 0.000000
2009 11 1 18665590.403626 7500813.500000 0.000000 0.000000 123689000.000000 0.000000
2009 11 2 11759877.431550 7500813.500000 0.000000 0.000000 123689000.000000 0.000000
2009 11 3 8566001.495930 7500813.500000 0.000000 0.000000 123689000.000000 0.000000
2009 11 4 8565310.069869 7500813.500000 0.000000 0.000000 123689000.000000 0.000000
2009 11 5 8565303.583496 7500813.500000 0.000000 0.000000 123689000.000000 0.000000
2009 11 6 8565296.907644 7500813.500000 0.000000 0.000000 123689000.000000 0.000000
2009 11 7 8566051.034114 7500813.500000 0.000000 0.000000 123689000.000000 0.000000
2009 11 8 8583706.714738 7500813.500000 0.000000 0.000000 123689000.000000 0.000000
2009 11 9 8593532.590936 7500813.500000 0.000000 0.000000 123689000.000000 0.000000
2009 11 10 8583310.615572 7500813.500000 0.000000 0.000000 123689000.000000 0.000000
2009 11 11 8577187.175306 7500813.500000 0.000000 0.000000 123689000.000000 0.000000
2009 11 12 8571245.143152 7500813.500000 0.000000 0.000000 123689000.000000 0.000000
2009 11 13 8567818.481148 7500813.500000 0.000000 0.000000 123689000.000000 0.000000
2009 11 14 8566518.564214 7500813.500000 0.000000 0.000000 123689000.000000 0.000000
2009 11 15 8566250.736207 7500813.500000 0.000000 0.000000 123689000.000000 0.000000
2009 11 16 8566180.055394 7500813.500000 0.000000 0.000000 123689000.000000 0.000000
2009 11 17 8566154.406565 7500813.500000 0.000000 0.000000 123689000.000000 0.000000
2009 11 18 8566150.891626 7500813.500000 0.000000 0.000000 123689000.000000 0.000000
2009 11 19 8565387.938299 7500813.500000 0.000000 0.000000 123689000.000000 0.000000
2009 11 20 8565258.336551 7500813.500000 0.000000 0.000000 123689000.000000 0.000000
2009 11 21 8565250.247691 7500813.500000 0.000000 0.000000 123689000.000000 0.000000
2009 11 22 8565225.426010 7500813.500000 0.000000 0.000000 123689000.000000 0.000000
2009 11 23 8565215.715853 7500813.500000 0.000000 0.000000 123689000.000000 0.000000
2009 11 24 8565206.256427 7500813.500000 0.000000 0.000000 123689000.000000 0.000000
2009 11 25 8565230.394125 7500813.500000 0.000000 0.000000 123689000.000000 0.000000
2009 11 26 8565990.819109 7500813.500000 0.000000 0.000000 123689000.000000 0.000000
2009 11 27 8567072.926995 7500813.500000 0.000000 0.000000 123689000.000000 0.000000
2009 11 28 8567123.317791 7500813.500000 0.000000 0.000000 123689000.000000 0.000000
2009 11 29 8566506.533810 7500813.500000 0.000000 0.000000 123689000.000000 0.000000
2009 11 30 8565935.872994 7500813.500000 0.000000 0.000000 123689000.000000 0.000000
2009 12 1 11045880.233696 7500813.500000 0.000000 0.000000 123689000.000000 0.000000
2009 12 2 20900799.196707 7500813.500000 0.000000 0.000000 123689000.000000 0.000000
2009 12 3 25458706.168283 7500813.500000 0.000000 0.000000 123689000.000000 0.000000
2009 12 4 25459672.321189 7500813.500000 0.000000 0.000000 123689000.000000 0.000000
2009 12 5 25459665.780373 7500813.500000 0.000000 0.000000 123689000.000000 0.000000
2009 12 6 25459661.455876 7500813.500000 0.000000 0.000000 123689000.000000 0.000000
2009 12 7 25470194.320984 7500813.500000 0.000000 0.000000 123689000.000000 0.000000
2009 12 8 25714936.974963 7500813.500000 0.000000 0.000000 123689000.000000 0.000000
2009 12 9 25849941.464519 7500813.500000 0.000000 0.000000 123689000.000000 0.000000
2009 12 10 25707302.092621 7500813.500000 0.000000 0.000000 123689000.000000 0.000000
2009 12 11 25620999.087536 7500813.500000 0.000000 0.000000 123689000.000000 0.000000
2009 12 12 25540898.442433 7500813.500000 0.000000 0.000000 123689000.000000 0.000000
2009 12 13 25497224.480792 7500813.500000 0.000000 0.000000 123689000.000000 0.000000
2009 12 14 25478931.518179 7500813.500000 0.000000 0.000000 123689000.000000 0.000000
2009 12 15 25474882.103490 7500813.500000 0.000000 0.000000 123689000.000000 0.000000
2009 12 16 25473284.434862 7500813.500000 0.000000 0.000000 123689000.000000 0.000000
2009 12 17 25472468.390962 7500813.500000 0.000000 0.000000 123689000.000000 0.000000
2009 12 18 25472210.082543 7500813.500000 0.000000 0.000000 123689000.000000 0.000000
2009 12 19 25461602.343999 7500813.500000 0.000000 0.000000 123689000.000000 0.000000
2009 12 20 25459866.434517 7500813.500000 0.000000 0.000000 123689000.000000 0.000000
2009 12 21 25459860.760800 7500813.500000 0.000000 0.000000 123689000.000000 0.000000
2009 12 22 25459732.656688 7500813.500000 0.000000 0.000000 123689000.000000 0.000000
2009 12 23 25459591.856693 7500813.500000 0.000000 0.000000 123689000.000000 0.000000
2009 12 24 25459547.090487 7500813.500000 0.000000 0.000000 123689000.000000 0.000000
2009 12 25 25459635.529669 7500813.500000 0.000000 0.000000 123689000.000000 0.000000
2009 12 26 25461929.446352 7500813.500000 0.000000 0.000000 123689000.000000 0.000000
2009 12 27 25465184.935702 7500813.500000 0.000000 0.000000 123689000.000000 0.000000
2009 12 28 25465339.275725 7500813.500000 0.000000 0.000000 123689000.000000 0.000000
2009 12 29 25463488.580977 7500813.500000 0.000000 0.000000 123689000.000000 0.000000
2009 12 30 25461776.052189 7500813.500000 0.000000 0.000000 123689000.000000 0.000000
2009 12 31 25460589.425633 7500813.500000 0.000000 0.000000 123689000.000000 0.000000
2010 1 1 26485454.790006 7500813.500000 0.000000 0.000000 123689000.000000 0.000000
2010 1 2 30562320.201747 7500813.500000 0.000000 0.000000 123689000.000000 0.000000
2010 1 3 32462592.769379 7500813.500000 0.000000 0.000000 123689000.000000 0.000000
2010 1 4 32736353.299274 7500813.500000 0.000000 0.000000 123689000.000000 0.000000
2010 1 5 32901099.845358 7500813.500000 0.000000 0.000000 123689000.000000 0.000000
2010 1 6 32748720.819976 7500813.500000 0.000000 0.000000 123689000.000000 0.000000
2010 1 7 32637505.412469 7500813.500000 0.000000 0.000000 123689000.000000 0.000000
2010 1 8 32536784.345905 7500813.500000 0.000000 0.000000 123689000.000000 0.000000
2010 1 9 32481941.004579 7500813.500000 0.000000 0.000000 123689000.000000 0.000000
2010 1 10 32471803.699597 7500813.500000 0.000000 0.000000 123689000.000000 0.000000
2010 1 11 32710672.523971 7500813.500000 0.000000 0.000000 123689000.000000 0.000000
2010 1 12 32862631.942545 7500813.500000 0.000000 0.000000 123689000.000000 0.000000
2010 1 13 32732806.510448 7500813.500000 0.000000 0.000000 123689000.000000 0.000000
2010 1 14 32634032.341790 7500813.500000 0.000000 0.000000 123689000.000000 0.000000
2010 1 15 32540027.851980 7500813.500000 0.000000 0.000000 123689000.000000 0.000000
2010 1 16 32498990.886123 7500813.500000 0.000000 0.000000 123689000.000000 0.000000
2010 1 17 32480399.752835 7500813.500000 0.000000 0.000000 123689000.000000 0.000000
2010 1 18 32472876.088125 7500813.500000 0.000000 0.000000 123689000.000000 0.000000
2010 1 19 32469562.854474 7500813.500000 0.000000 0.000000 123689000.000000 0.000000
2010 1 20 32465501.553488 7500813.500000 0.000000 0.000000 123689000.000000 0.000000
2010 1 21 32461705.549790 7500813.500000 0.000000 0.000000 123689000.000000 0.000000
2010 1 22 32449103.660304 7500813.500000 0.000000 0.000000 123689000.000000 0.000000
2010 1 23 32445418.205346 7500813.500000 0.000000 0.000000 123689000.000000 0.000000
2010 1 24 32444730.901357 7500813.500000 0.000000 0.000000 123689000.000000 0.000000
2010 1 25 32457287.535570 7500813.500000 0.000000 0.000000 123689000.000000 0.000000
2010 1 26 32752001.880938 7500813.500000 0.000000 0.000000 123689000.000000 0.000000
2010 1 27 32924939.108681 7500813.500000 0.000000 0.000000 123689000.000000 0.000000
2010 1 28 32757310.581609 7500813.500000 0.000000 0.000000 123689000.000000 0.000000
2010 1 29 32642651.516156 7500813.500000 0.000000 0.000000 123689000.000000 0.000000
2010 1 30 32538061.809025 7500813.500000 0.000000 0.000000 123689000.000000 0.000000
2010 1 31 32481929.974224 7500813.500000 0.000000 0.000000 123689000.000000 0.000000
2010 2 1 30441694.086262 7500813.500000 0.000000 0.000000 123689000.000000 0.000000
2010 2 2 22418427.679120 7500813.500000 0.000000 0.000000 123689000.000000 0.000000
2010 2 3 18815681.456653 7500813.500000 0.000000 0.000000 123689000.000000 0.000000
2010 2 4 18969074.750566 7500813.500000 0.000000 0.000000 123689000.000000 0.000000
2010 2 5 18962668.148961 7500813.500000 0.000000 0.000000 123689000.000000 0.000000
2010 2 6 18856990.417073 7500813.500000 0.000000 0.000000 123689000.000000 0.000000
2010 2 7 18782548.401906 7500813.500000 0.000000 0.000000 123689000.000000 0.000000
2010 2 8 18729596.808398 7500813.500000 0.000000 0.000000 123689000.000000 0.000000
2010 2 9 18704876.517831 7500813.500000 0.000000 0.000000 123689000.000000 0.000000
2010 2 10 18697457.163863 7500813.500000 0.000000 0.000000 123689000.000000 0.000000
2010 2 11 18696592.778554 7500813.500000 0.000000 0.000000 123689000.000000 0.000000
2010 2 12 18696563.655376 7500813.500000 0.000000 0.000000 123689000.000000 0.000000
2010 2 13 18696578.641068 7500813.500000 0.000000 0.000000 123689000.000000 0.000000
2010 2 14 18697611.314144 7500813.500000 0.000000 0.000000 123689000.000000 0.000000
2010 2 15 18821118.638114 7500813.500000 0.000000 0.000000 123689000.000000 0.000000
2010 2 16 18894126.040384 7500813.500000 0.000000 0.000000 123689000.000000 0.000000
2010 2 17 18820713.394944 7500813.500000 0.000000 0.000000 123689000.000000 0.000000
2010 2 18 18778004.222644 7500813.500000 0.000000 0.000000 123689000.000000 0.000000
2010 2 19 18741575.332279 7500813.500000 0.000000 0.000000 123689000.000000 0.000000
2010 2 20 18718088.945738 7500813.500000 0.000000 0.000000 123689000.000000 0.000000
2010 2 21 18704549.351611 7500813.500000 0.000000 0.000000 123689000.000000 0.000000
2010 2 22 18699008.498875 7500813.500000 0.000000 0.000000 123689000.000000 0.000000
2010 2 23 18695967.310456 7500813.500000 0.000000 0.000000 123689000.000000 0.000000
2010 2 24 18696068.629699 7500813.500000 0.000000 0.000000 123689000.000000 0.000000
2010 2 25 18697972.113899 7500813.500000 0.000000 0.000000 123689000.000000 0.000000
2010 2 26 18692491.211623 7500813.500000 0.000000 0.000000 123689000.000000 0.000000
2010 2 27 18690114.221442 7500813.500000 0.000000 0.000000 123689000.000000 0.000000
2010 2 28 18688875.237922 7500813.500000 0.000000 0.000000 123689000.000000 0.000000
2010 3 1 20464322.390532 7500813.500000 0.000000 0.000000 123689000.000000 0.000000
2010 3 2 27522731.319928 7500813.500000 0.000000 0.000000 123689000.000000 0.000000
2010 3 3 30787765.334043 7500813.500000 0.000000 0.000000 123689000.000000 0.000000
2010 3 4 30788488.348854 7500813.500000 0.000000 0.000000 123689000.000000 0.000000
2010 3 5 30788153.867312 7500813.500000 0.000000 0.000000 123689000.000000 0.000000
2010 3 6 30787846.709372 7500813.500000 0.000000 0.000000 123689000.000000 0.000000
2010 3 7 30787567.991037 7500813.500000 0.000000 0.000000 123689000.000000 0.000000
2010 3 8 30787391.929943 7500813.500000 0.000000 0.000000 123689000.000000 0.000000
2010 3 9 30787348.102800 7500813.500000 0.000000 0.000000 123689000.000000 0.000000
2010 3 10 30787355.085365 7500813.500000 0.000000 0.000000 123689000.000000 0.000000
2010 3 11 30787368.001779 7500813.500000 0.000000 0.000000 123689000.000000 0.000000
2010 3 12 30787445.693752 7500813.500000 0.000000 0.000000 123689000.000000 0.000000
2010 3 13 30788873.906150 7500813.500000 0.000000 0.000000 123689000.000000 0.000000
2010 3 14 30790889.031232 7500813.500000 0.000000 0.000000 123689000.000000 0.000000
2010 3 15 30790990.985723 7500813.500000 0.000000 0.000000 123689000.000000 0.000000
2010 3 16 30789856.914550 7500813.500000 0.000000 0.000000 123689000.000000 0.000000
2010 3 17 30788810.531206 7500813.500000 0.000000 0.000000 123689000.000000 0.000000
2010 3 18 30788089.951838 7500813.500000 0.000000 0.000000 123689000.000000 0.000000
2010 3 19 30787731.251007 7500813.500000 0.000000 0.000000 123689000.000000 0.000000
2010 3 20 30787796.021695 7500813.500000 0.000000 0.000000 123689000.000000 0.000000
2010 3 21 30791719.230051 7500813.500000 0.000000 0.000000 123689000.000000 0.000000
2010 3 22 30797387.158465 7500813.500000 0.000000 0.000000 123689000.000000 0.000000
2010 3 23 30800049.134075 7500813.500000 0.000000 0.000000 123689000.000000 0.000000
2010 3 24 30800233.461389 7500813.500000 0.000000 0.000000 123689000.000000 0.000000
2010 3 25 30797422.998205 7500813.500000 0.000000 0.000000 123689000.000000 0.000000
2010 3 26 30798601.799989 7500813.500000 0.000000 0.000000 123689000.000000 0.000000
2010 3 27 30914958.525287 7500813.500000 0.000000 0.000000 123689000.000000 0.000000
2010 3 28 30988196.923916 7500813.500000 0.000000 0.000000 123689000.000000 0.000000
2010 3 29 30921918.214268 7500813.500000 0.000000 0.000000 123689000.000000 0.000000
2010 3 30 30872322.588257 7500813.500000 0.000000 0.000000 123689000.000000 0.000000
2010 3 31 30828891.676987 7500813.500000 0.000000 0.000000 123689000.000000 0.000000
2010 4 1 29549325.532863 7500813.500000 0.000000 0.000000 123689000.000000 0.000000
2010 4 2 24562803.571361 7500813.500000 0.000000 0.000000 123689000.000000 0.000000
2010 4 3 22260584.734611 7500813.500000 0.000000 0.000000 123689000.000000 0.000000
2010 4 4 22252873.591158 7500813.500000 0.000000 0.000000 123689000.000000 0.000000
2010 4 5 22248262.194907 7500813.500000 0.000000 0.000000 123689000.000000 0.000000
2010 4 6 22243986.945278 7500813.500000 0.000000 0.000000 123689000.000000 0.000000
2010 4 7 22236618.981603 7500813.500000 0.000000 0.000000 123689000.000000 0.000000
2010 4 8 22234570.207983 7500813.500000 0.000000 0.000000 123689000.000000 0.000000
2010 4 9 22234483.687909 7500813.500000 0.000000 0.000000 123689000.000000 0.000000
2010 4 10 22234527.610018 7500813.500000 0.000000 0.000000 123689000.000000 0.000000
2010 4 11 22235239.827601 7500813.500000 0.000000 0.000000 123689000.000000 0.000000
2010 4 12 22236345.120467 7500813.500000 0.000000 0.000000 123689000.000000 0.000000
2010 4 13 22236156.537731 7500813.500000 0.000000 0.000000 123689000.000000 0.000000
2010 4 14 22235710.242882 7500813.500000 0.000000 0.000000 123689000.000000 0.000000
2010 4 15 22235125.288323 7500813.500000 0.000000 0.000000 123689000.000000 0.000000
2010 4 16 22234589.962736 7500813.500000 0.000000 0.000000 123689000.000000 0.000000
2010 4 17 22234262.533386 7500813.500000 0.000000 0.000000 123689000.000000 0.000000
2010 4 18 22234387.902764 7500813.500000 0.000000 0.000000 123689000.000000 0.000000
2010 4 19 22240584.531357 7500813.500000 0.000000 0.000000 123689000.000000 0.000000
2010 4 20 22244101.800651 7500813.500000 0.000000 0.000000 123689000.000000 0.000000
2010 4 21 22240510.183413 7500813.500000 0.000000 0.000000 123689000.000000 0.000000
2010 4 22 22238167.806737 7500813.500000 0.000000 0.000000 123689000.000000 0.000000
2010 4 23 22235968.309160 7500813.500000 0.000000 0.000000 123689000.000000 0.000000
2010 4 24 22234815.102328 7500813.500000 0.000000 0.000000 123689000.000000 0.000000
2010 4 25 22234403.122447 7500813.500000 0.000000 0.000000 123689000.000000 0.000000
2010 4 26 22234361.036356 7500813.500000 0.000000 0.000000 123689000.000000 0.000000
2010 4 27 22234368.638900 7500813.500000 0.000000 0.000000 123689000.000000 0.000000
2010 4 28 22234377.947048 7500813.500000 0.000000 0.000000 123689000.000000 0.000000
2010 4 29 22234386.303195 7500813.500000 0.000000 0.000000 123689000.000000 0.000000
2010 4 30 22234131.039053 7500813.500000 0.000000 0.000000 123689000.000000 0.000000
2010 5 1 22734720.223540 7500813.500000 0.000000 0.000000 123689000.000000 0.000000
2010 5 2 24723840.210063 7500813.500000 0.000000 0.000000 123689000.000000 0.000000
2010 5 3 25643806.686805 7500813.500000 0.000000 0.000000 123689000.000000 0.000000
2010 5 4 25644011.882275 7500813.500000 0.000000 0.000000 123689000.000000 0.000000
2010 5 5 25644020.188753 7500813.500000 0.000000 0.000000 123689000.000000 0.000000
2010 5 6 25644027.586817 7500813.500000 0.000000 0.000000 123689000.000000 0.000000
2010 5 7 25644032.768561 7500813.500000 0.000000 0.000000 123689000.000000 0.000000
2010 5 8 25644038.463553 7500813.500000 0.000000 0.000000 123689000.000000 0.000000
2010 5 9 25644046.371023 7500813.500000 0.000000 0.000000 123689000.000000 0.000000
2010 5 10 25644053.739006 7500813.500000 0.000000 0.000000 123689000.000000 0.000000
2010 5 11 25644058.555664 7500813.500000 0.000000 0.000000 123689000.000000 0.000000
2010 5 12 25644063.938047 7500813.500000 0.000000 0.000000 123689000.000000 0.000000
2010 5 13 25644071.593069 7500813.500000 0.000000 0.000000 123689000.000000 0.000000
2010 5 14 25644078.652285 7500813.500000 0.000000 0.000000 123689000.000000 0.000000
2010 5 15 25644083.495182 7500813.500000 0.000000 0.000000 123689000.000000 0.000000
2010 5 16 25644096.229161 7500813.500000 0.000000 0.000000 123689000.000000 0.000000
2010 5 17 25644280.413457 7500813.500000 0.000000 0.000000 123689000.000000 0.000000
2010 5 18 25644545.755614 7500813.500000 0.000000 0.000000 123689000.000000 0.000000
2010 5 19 25644761.575645 7500813.500000 0.000000 0.000000 123689000.000000 0.000000
2010 5 20 25644906.972652 7500813.500000 0.000000 0.000000 123689000.000000 0.000000
2010 5 21 25644795.750385 7500813.500000 0.000000 0.000000 123689000.000000 0.000000
2010 5 22 25644551.250668 7500813.500000 0.000000 0.000000 123689000.000000 0.000000
2010 5 23 25644361.369669 7500813.500000 0.000000 0.000000 123689000.000000 0.000000
2010 5 24 25644247.244018 7500813.500000 0.000000 0.000000 123689000.000000 0.000000
2010 5 25 25644202.674456 7500813.500000 0.000000 0.000000 123689000.000000 0.000000
2010 5 26 25644201.461323 7500813.500000 0.000000 0.000000 123689000.000000 0.000000
2010 5 27 25644210.248541 7500813.500000 0.000000 0.000000 123689000.000000 0.000000
2010 5 28 25644210.596414 7500813.500000 0.000000 0.000000 123689000.000000 0.000000
2010 5 29 25644209.301797 7500813.500000 0.000000 0.000000 123689000.000000 0.000000
2010 5 30 25644206.990725 7500813.500000 0.000000 0.000000 123689000.000000 0.000000
2010 5 31 25644205.288586 7500813.500000 0.000000 0.000000 123689000.000000 0.000000
2010 6 1 26159865.048114 7500813.500000 0.000000 0.000000 123689000.000000 0.000000
2010 6 2 28208730.125769 7500813.500000 0.000000 0.000000 123689000.000000 0.000000
2010 6 3 29156334.613495 7500813.500000 0.000000 0.000000 123689000.000000 0.000000
2010 6 4 29156551.912284 7500813.500000 0.000000 0.000000 123689000.000000 0.000000
2010 6 5 29156562.243829 7500813.500000 0.000000 0.000000 123689000.000000 0.000000
2010 6 6 29156568.698900 7500813.500000 0.000000 0.000000 123689000.000000 0.000000
2010 6 7 29156572.133158 7500813.500000 0.000000 0.000000 123689000.000000 0.000000
2010 6 8 29156573.993006 7500813.500000 0.000000 0.000000 123689000.000000 0.000000
2010 6 9 29156577.545622 7500813.500000 0.000000 0.000000 123689000.000000 0.000000
2010 6 10 29156584.351357 7500813.500000 0.000000 0.000000 123689000.000000 0.000000
2010 6 11 29156591.173770 7500813.500000 0.000000 0.000000 123689000.000000 0.000000
2010 6 12 29156595.986586 7500813.500000 0.000000 0.000000 123689000.000000 0.000000
2010 6 13 29156598.864679 7500813.500000 0.000000 0.000000 123689000.000000 0.000000
2010 6 14 29156602.800659 7500813.500000 0.000000 0.000000 123689000.000000 0.000000
2010 6 15 29156609.553917 7500813.500000 0.000000 0.000000 123689000.000000 0.000000
2010 6 16 29156645.320630 7500813.500000 0.000000 0.000000 123689000.000000 0.000000
2010 6 17 29157351.144041 7500813.500000 0.000000 0.000000 123689000.000000 0.000000
2010 6 18 29158348.969292 7500813.500000 0.000000 0.000000 123689000.000000 0.000000
2010 6 19 29159176.768205 7500813.500000 0.000000 0.000000 123689000.000000 0.000000
2010 6 20 29176610.426070 7500813.500000 0.000000 0.000000 123689000.000000 0.000000
2010 6 21 29185745.345240 7500813.500000 0.000000 0.000000 123689000.000000 0.000000
2010 6 22 27992273.895208 7500813.500000 0.000000 0.000000 123689000.000000 0.000000
2010 6 23 21293489.700687 7500813.500000 0.000000 0.000000 123689000.000000 0.000000
2010 6 24 11141508.722613 7500813.500000 0.000000 0.000000 123689000.000000 0.000000
2010 6 25 7436114.809503 7500813.500000 0.000000 0.000000 123689000.000000 0.000000
2010 6 26 7427815.337221 7500813.500000 0.000000 0.000000 123689000.000000 0.000000
2010 6 27 7421576.224412 7500813.500000 0.000000 0.000000 123689000.000000 0.000000
2010 6 28 7418418.110076 7500813.500000 0.000000 0.000000 123689000.000000 0.000000
2010 6 29 7424692.545618 7500813.500000 0.000000 0.000000 123689000.000000 0.000000
2010 6 30 7455280.800208 7500813.500000 0.000000 0.000000 123689000.000000 0.000000
2010 7 1 7468377.825745 7500813.500000 0.000000 0.000000 123689000.000000 0.000000
2010 7 2 7448197.224204 7500813.500000 0.000000 0.000000 123689000.000000 0.000000
2010 7 3 7423702.995965 7500813.500000 0.000000 0.000000 123689000.000000 0.000000
2010 7 4 7415508.008612 7500813.500000 0.000000 0.000000 123689000.000000 0.000000
2010 7 5 7415400.733036 7500813.500000 0.000000 0.000000 123689000.000000 0.000000
2010 7 6 7415408.253839 7500813.500000 0.000000 0.000000 123689000.000000 0.000000
2010 7 7 7415413.342431 7500813.500000 0.000000 0.000000 123689000.000000 0.000000
2010 7 8 7415416.157453 7500813.500000 0.000000 0.000000 123689000.000000 0.000000
2010 7 9 7415417.578549 7500813.500000 0.000000 0.000000 123689000.000000 0.000000
2010 7 10 7415418.439638 7500813.500000 0.000000 0.000000 123689000.000000 0.000000
2010 7 11 7415421.632218 7500813.500000 0.000000 0.000000 123689000.000000 0.000000
2010 7 12 7415428.371039 7500813.500000 0.000000 0.000000 123689000.000000 0.000000
2010 7 13 7415439.938758 7500813.500000 0.000000 0.000000 123689000.000000 0.000000
2010 7 14 7415560.935868 7500813.500000 0.000000 0.000000 123689000.000000 0.000000
2010 7 15 7415661.894115 7500813.500000 0.000000 0.000000 123689000.000000 0.000000
2010 7 16 7415620.596478 7500813.500000 0.000000 0.000000 123689000.000000 0.000000
2010 7 17 7415741.141318 7500813.500000 0.000000 0.000000 123689000.000000 0.000000
2010 7 18 7419778.920554 7500813.500000 0.000000 0.000000 123689000.000000 0.000000
2010 7 19 7422781.767851 7500813.500000 0.000000 0.000000 123689000.000000 0.000000
2010 7 20 7420720.109542 7500813.500000 0.000000 0.000000 123689000.000000 0.000000
2010 7 21 7418718.514472 7500813.500000 0.000000 0.000000 123689000.000000 0.000000
2010 7 22 7417112.377086 7500813.500000 0.000000 0.000000 123689000.000000 0.000000
2010 7 23 7416144.112980 7500813.500000 0.000000 0.000000 123689000.000000 0.000000
2010 7 24 7415778.703303 7500813.500000 0.000000 0.000000 123689000.000000 0.000000
2010 7 25 7415736.615881 7500813.500000 0.000000 0.000000 123689000.000000 0.000000
2010 7 26 7416364.214456 7500813.500000 0.000000 0.000000 123689000.000000 0.000000
2010 7 27 7417258.776257 7500813.500000 0.000000 0.000000 123689000.000000 0.000000
2010 7 28 7417304.574579 7500813.500000 0.000000 0.000000 123689000.000000 0.000000
2010 7 29 7416623.036797 7500813.500000 0.000000 0.000000 123689000.000000 0.000000
2010 7 30 7416098.724773 7500813.500000 0.000000 0.000000 123689000.000000 0.000000
2010 7 31 7415952.498346 7500813.500000 0.000000 0.000000 123689000.000000 0.000000
2010 8 1 7416020.339931 7500813.500000 0.000000 0.000000 123689000.000000 0.000000
2010 8 2 7415968.934695 7500813.500000 0.000000 0.000000 123689000.000000 0.000000
2010 8 3 7415831.448464 7500813.500000 0.000000 0.000000 123689000.000000 0.000000
2010 8 4 7415711.345627 7500813.500000 0.000000 0.000000 123689000.000000 0.000000
2010 8 5 7415628.993549 7500813.500000 0.000000 0.000000 123689000.000000 0.000000
2010 8 6 7415561.419206 7500813.500000 0.000000 0.000000 123689000.000000 0.000000
2010 8 7 7415520.460193 7500813.500000 0.000000 0.000000 123689000.000000 0.000000
2010 8 8 7415510.785749 7500813.500000 0.000000 0.000000 123689000.000000 0.000000
2010 8 9 7415510.864465 7500813.500000 0.000000 0.000000 123689000.000000 0.000000
2010 8 10 7415511.011026 7500813.500000 0.000000 0.000000 123689000.000000 0.000000
2010 8 11 7415503.834210 7500813.500000 0.000000 0.000000 123689000.000000 0.000000
2010 8 12 7415499.466142 7500813.500000 0.000000 0.000000 123689000.000000 0.000000
2010 8 13 7415503.832157 7500813.500000 0.000000 0.000000 123689000.000000 0.000000
2010 8 14 7415510.162408 7500813.500000 0.000000 0.000000 123689000.000000 0.000000
2010 8 15 7415514.486905 7500813.500000 0.000000 0.000000 123689000.000000 0.000000
2010 8 16 7415516.902918 7500813.500000 0.000000 0.000000 123689000.000000 0.000000
2010 8 17 7415518.041486 7500813.500000 0.000000 0.000000 123689000.000000 0.000000
2010 8 18 7415518.537489 7500813.500000 0.000000 0.000000 123689000.000000 0.000000
2010 8 19 7415518.826769 7500813.500000 0.000000 0.000000 123689000.000000 0.000000
2010 8 20 7415519.085969 7500813.500000 0.000000 0.000000 123689000.000000 0.000000
2010 8 21 7415519.288850 7500813.500000 0.000000 0.000000 123689000.000000 0.000000
2010 8 22 7415742.204657 7500813.500000 0.000000 0.000000 123689000.000000 0.000000
2010 8 23 7421104.452109 7500813.500000 0.000000 0.000000 123689000.000000 0.000000
2010 8 24 7428715.304669 7500813.500000 0.000000 0.000000 123689000.000000 0.000000
2010 8 25 7429092.352794 7500813.500000 0.000000 0.000000 123689000.000000 0.000000
2010 8 26 7424776.366007 7500813.500000 0.000000 0.000000 123689000.000000 0.000000
2010 8 27 7420773.594483 7500813.500000 0.000000 0.000000 123689000.000000 0.000000
2010 8 28 7418000.889168 7500813.500000 0.000000 0.000000 123689000.000000 0.000000
2010 8 29 7416583.735405 7500813.500000 0.000000 0.000000 123689000.000000 0.000000
2010 8 30 7416139.110419 7500813.500000 0.000000 0.000000 123689000.000000 0.000000
2010 8 31 7416072.594417 7500813.500000 0.000000 0.000000 123689000.000000 0.000000
