1	Kajakai	1952	98	2680000	0	I	0	0	65.75	31.75
2	Qyrsac	1972	46	500000	64500	H	0	0	19.75	40.25
3	Capanda	2007	110	4975000	164000	H	0	0	15.75	-9.75
4	Gove	1974	58	2574000	178200	IH	0	0	15.75	-13.25
5	Quiminha	1975	41	1560000	112000	IS	0	0	13.25	-8.75
6	Alicura	1984	130	3215000	65000	H	1000	2360	-71.25	-46.25
7	Planicie	1977	34	13800000	174000	HC	450	1510	-68.25	-38.75
8	Chocon	1973	86	20200000	82000	HCR	1200	3350	-68.75	-39.25
9	Florentin	1963	113	1855000	74000	IHC	47	0	-66.25	-43.75
10	Futaleufu	1976	130	5600000	87000	H	440	0	-71.75	-43.25
11	Belgrano	1973	112	3100000	113600	IHC	120	0	-65.25	-25.25
12	Piedra	1993	170	12400000	292000	HC	1400	5500	-70.25	-40.25
13	Hondo	1967	40	1740000	330000	IHC	17	0	-64.75	-27.75
14	Tercero	1936	51	560000	54260	IHCR	28	0	-64.25	-32.25
15	Salto	1979	47	5500000	783000	HSRI	1890	0	-58.25	-31.75
16	Blowering	1968	112	1628000	43000	IH	80	260	148.25	-35.25
17	Burdekin	1987	55	1860000	220000	I	0	0	140.25	-20.25
18	Burrendon	1967	76	1188000	89000	IC	19	51	150.25	-32.25
19	Burrinjuc	1928	91	1026000	55000	IH	28	25	148.75	-30.25
20	Copeton	1976	113	1364000	46000	I	21	54	150.75	-29.75
21	Dartmouth	1979	180	4000000	63000	IHS	150	310	147.75	-36.75
22	Eildon	1956	79	3390000	138320	IH	133	280	145.25	-37.75
23	Eucumbene	1958	116	4798400	145422	H	0	0	148.75	-36.25
24	Fairbairn	1972	49	1440000	153000	IS	0	0	148.25	-23.25
25	FredHaigh	1975	52	586000	53400	I	0	0	151.75	-24.75
26	Gordon	1974	140	12450000	268000	H	450	1389	146.25	-43.25
27	Hume	1936	51	3038000	202400	IH	60	220	146.75	-36.25
28	Menindee	1960	18	1794000	458000	I	0	0	142.75	-32.25
29	Miena	1967	28	3356000	176000	H	313	1256	146.25	-41.75
30	OrdRiver	1972	99	10760000	980000	IHCN	30	200	128.75	-15.75
31	PeterFaus	1990	51	500000	43500	ICSR	0	0	148.75	-20.25
32	Talbingo	1971	162	921400	19355	H	0	0	148.25	-35.75
33	Wivenhoe	1985	59	1150000	108000	SCHR	0	0	152.75	-27.25
34	Wyangla	1971	85	1220000	53000	I	18	43	148.75	-33.75
35	Gepatsch	1965	153	140000	2600	X	0	0	10.75	46.75
36	Karnafuli	1962	46	6500500	777000	HIC	0	0	92.25	22.75
37	Comlexede	1970	30	10000	710	X	0	0	5.75	50.25
38	Acu	1983	41	2400000	1	C	0	0	-36.75	-5.75
39	Vermelha	1978	63	11000000	650000	H	1396	3900	-50.25	-19.75
40	Araras	1958	38	1000000	9625	CHI	5	0	-40.25	-4.25
41	Balbina	1989	52	17537000	2360000	H	250	0	-59.25	-2.25
42	Bonita	1963	33	3160000	334310	HN	141	141	-48.75	-22.25
43	Esperance	1970	53	5059000	363000	HC	234	1484	-43.75	-6.75
44	Capivara	1977	60	10500000	576000	H	640	1000	-51.25	-22.75
45	Corumba	1999	90	1500000	0	X	0	0	-48.75	-15.75
46	Emborcaca	1982	158	17588000	492000	H	1192	4896	-48.25	-18.25
47	Estreito	1969	92	1418000	590000	H	1087	5145	-47.25	-20.25
48	Areia	1980	160	6100000	167000	H	1676	10000	-51.75	-26.25
49	Funil	1969	85	890000	39000	H	216	927	-44.75	-22.75
50	Furnas	1963	127	22950000	1450000	H	1216	5050	-46.25	-20.75
51	Graminha	1966	60	555000	37380	H	80	80	-46.75	-21.75
52	Ibitinga	1969	32	985000	114000	HN	131	0	-48.75	-21.75
53	Solteira	1973	74	21166000	1231000	H	3444	3230	-51.25	-20.25
54	Ita	2000	125	5100000	141000	H	1450	0	-53.25	-27.25
55	Itaparica	1988	105	10780000	828000	HI	1500	8066	-38.75	-8.75
56	Itumbiara	1980	110	17000000	778000	H	2080	7397	-49.25	-18.25
57	Jacarei	1981	63	890000	4500	S	0	0	-46.75	-22.75
58	Jequitai	1981	80	1200000	1	I	0	0	-44.25	-17.25
59	Jupia	1968	43	3680000	330000	HN	1411	1411	-51.75	-20.75
60	Jurumirim	1962	50	6520000	546490	H	97	0	-49.25	-23.25
61	Dique4	1957	52	1052000	3	HS	0	0	-49.75	-24.25
62	Manso	2005	60	2600000	1	CHN	0	0	-55.75	-14.75
63	Marimbond	1975	90	620000	438000	X	0	0	-40.75	-7.25
64	Moxoto	1977	30	1200000	93000	H	440	1646	-38.25	-9.25
65	Avanhanda	1982	71	3100000	227000	HN	348	3024	-49.75	-21.25
66	Oros	1961	54	2100000	1	CISX	0	0	-38.75	-6.25
67	Paraiting	1975	105	2463000	25456	HX	0	0	-45.75	-23.25
68	Paranoa	1960	50	600000	1	HR	30	0	-47.25	-15.25
69	Fundo	1973	47	1568000	157000	H	226	0	-52.25	-28.25
70	Real	1973	58	3650000	2350	H	158	0	-53.25	-29.25
71	Pedra	1970	58	1640000	10100	ICH	23	0	-40.25	-13.75
72	Cavalo	1986	142	5330000	1	SCIH	0	0	-39.25	-12.75
73	Comprido	1981	40	563500	1	I	0	0	-63.75	-8.75
74	PocoCurz	1958	43	504000	1	IS	0	0	-37.75	-8.25
75	Primavera	1986	38	18500000	2250000	H	1814	1814	-52.75	-22.25
76	Prata	1958	26	1052000	1	HS	0	0	-43.75	-22.75
77	Grande	1928	25	1299000	1	H	50	0	-46.75	-23.75
78	Salao	1918	15	6000000	12900	C	0	0	-39.25	-4.25
79	Santiago	1980	80	6775000	208000	H	1420	0	-52.75	-25.75
80	Simao	1978	127	12540000	674000	H	1710	10500	-50.25	-18.75
81	SerraMesa	1998	154	54400000	1784000	H	1275	6750	-48.75	-14.25
82	Sobradinh	1979	43	34100000	4124000	NHI	1050	3869	-40.75	-9.25
83	TresIrmao	1991	82	13450000	817000	NH	808	1300	-51.25	-20.75
84	TresMaria	1962	75	21000000	1155000	NH	396	2128	-45.25	-18.25
85	Tucurui	1984	106	45500000	0	X	0	0	-49.75	-3.75
86	Vereda	1959	45	640800	1	ICS	0	0	-42.75	-6.75
87	Volta	1974	55	2170000	195000	H	380	2190	-49.25	-20.25
88	Xavantes	1970	98	8780000	427590	H	414	414	-51.25	-23.25
89	Xingo	1994	150	3800000	60000	H	3000	19277	-36.75	-9.75
90	Iskar	1956	74	673000	30000	SHI	0	0	23.75	42.25
91	Kardgali	1976	104	532900	16070	HS	0	0	25.75	41.75
92	Bamendjin	1974	12	1800000	-10000	H	108	0	10.75	5.75
93	Lagdo	1982	30	7700000	800000	HC	0	0	13.25	9.25
94	Mape	1988	31	3200000	520	H	0	0	11.75	6.75
95	Mbakao	1971	30	1600000	-10000	H	128	0	12.75	6.25
96	BaieDesp	1966	40	2621165	0	H	0	0	-55.75	47.75
97	ResOA11E	1980	33	8490000	0	H	0	0	-76.75	52.25
98	Bennett	1967	183	74300000	0	H	0	0	-122.25	56.25
99	BersimisB	1959	23	1617000	0	H	0	0	-70.75	48.75
100	BersimisN	1959	83	1617000	0	H	0	0	-69.25	49.25
101	BigHorn	1972	92	1765000	0	H	0	0	-116.25	52.25
102	Brazeau	1962	89	711724	0	HC	0	0	-115.75	52.75
103	Cabonga	1957	14	1300502	0	H	0	0	-76.75	47.75
104	Caniapisc	1980	56	53790000	0	X	0	0	-66.25	54.25
105	CaribouF	1958	25	1948914	0	H	0	0	-94.25	49.75
106	CatArmDam	1984	55	926000	58400	H	0	0	-56.75	49.75
107	Churchill	1971	16	32320000	0	X	0	0	-63.25	53.25
108	ChuteDesG	1953	49	575000	0	H	0	0	-71.25	48.25
109	Corra-Lin	1932	21	1008193	0	H	0	0	-117.25	49.25
110	DanielJoh	1968	214	141851350	0	H	0	0	-68.75	50.75
111	DesJoachi	1950	52	1285530	0	H	0	0	-75.75	45.25
112	LacCasseR	1956	61	13900000	0	H	0	0	-69.75	49.25
113	Duncan		1967	39	1726886	0	C	0	0	-116.75	49.25
114	EastForeb	1971	18	793134	0	H	0	0	-93.75	58.75
115	Exploits	1928	11	1274270	0	H	0	0	-56.75	48.75
116	Gardiner	1968	69	9867920	0	ISH	0	0	-106.75	51.25
117	Gouin	1918	16	8570000	0	HI	0	0	-72.75	47.75
118	GrandRapi	1965	66	9643503	0	H	0	0	-101.25	53.75
119	Hart_Jaun	1960	23	1548030	0	H	0	0	-67.75	51.75
120	Hollingsw	1959	37	646102	0	H	0	0	-84.25	46.75
121	Keenleysi	1968	52	10300000	0	C	0	0	-124.75	53.75
122	Isle_Mali	1925	45	5365382	0	X	0	0	-71.75	48.75
123	Jenpeg	1975	30	31790000	0	CH	0	0	-96.25	56.25
124	JimGrayIn	1953	57	1036132	0	H	0	0	-71.25	48.75
125	Kenney		1952	104	23800000	0	H	0	0	-125.25	53.75
126	Kettlerap	1970	46	2528675	0	H	0	0	-94.25	56.25
127	LaGrande1	1994	60	1200000	0	X	0	0	-77.75	53.75
128	LaGrande2	1992	168	61720000	0	X	0	0	-78.75	53.75
129	LaGrande4	1984	125	20000	0	X	0	0	-79.25	54.25
130	LacSteAnn	1955	20	3273000	0	H	0	0	-67.75	49.75
131	LakeMan		1941	11	2220282	0	S	0	0	-74.25	47.25
132	Lois		1941	64	555071	0	H	0	0	-124.25	49.75
133	Mactaquac	1968	55	1360476	0	H	0	0	-66.75	45.75
134	Manicouag	1975	108	10420000	0	X	0	0	-68.75	49.75
135	Manicoua2	1965	91	340000	0	HL	0	0	-68.25	49.25
136	Mattawin	1930	26	793000	0	X	0	0	-73.75	46.75
137	Mercier	1927	29	2630000	0	HL	0	0	-75.75	46.75
138	Mica	1972	243	25000000	430000	H	1740	0	-118.75	51.75
139	MissiFall	1976	18	28370000	0	X	0	0	-94.75	58.75
140	Mitchinam	1942	20	502159	0	HC	0	0	-74.75	47.25
141	PassesDan	1943	48	5180658	0	H	0	0	-71.25	49.75
142	PinePort	1950	43	12362630	0	H	0	0	-88.75	49.25
143	MainDiver	1924	25	1788560	0	H	0	0	-57.25	49.25
144	Powell	1912	17	1615872	0	HS	0	0	-123.75	50.25
145	Pudops	1967	20	2157374	0	H	0	0	-56.75	48.25
146	Quappelle	1968	30	9867920	0	IHS	0	0	-106.25	50.75
147	Rapide7		1949	20	608111	0	HL	0	0	-78.25	48.25
148	RapideBla	1934	46	598000	0	X	0	0	-73.25	47.75
149	Rapidedes	1930	27	714174	0	HC	0	0	-75.75	46.25
150	Revelstok	1983	175	5180000	115340	H	1843	0	-118.25	51.25
151	SaundersN	1958	47	810000	0	X	0	0	-74.75	45.25
152	skinslake	1953	25	23800000	0	H	0	0	-122.75	53.75
153	E.B.Campb	1962	34	2195612	0	H	0	0	-103.25	53.75
154	Stave_Fal	1911	26	580974	0	H	0	0	-122.25	49.25
155	Strathcon	1958	53	1002827	0	H	0	0	-125.75	50.25
156	SyncrudeT	1992	87	420000	0	X	0	0	-117.25	56.75
157	Terzaghi	1960	61	1021330	0	H	0	0	-121.75	50.75
158	TwinFalls	1921	24	1646709	0	H	0	0	-75.25	44.75
159	Upper_Lak	1929	16	873311	0	H	0	0	-64.75	44.25
160	Waboose	1942	16	851108	0	H	0	0	-87.75	50.75
161	Whitesand	1942	12	14860000	0	H	0	0	-101.75	53.75
162	Colbun	1985	116	1100000	46000	H	400	2500	-71.75	-35.75
163	LagunaMau	1957	40	1420000	86000	IH	0	0	-70.75	-36.25
164	LosLeones 	1981	128	40000	1350	X	0	0	-70.75	-32.75
165	Paloma	1967	96	740000	30000	IC	0	0	-71.25	-30.75
166	Rapel	1968	112	680000	80000	H	350	1038	-71.25	-33.75
167	Ankang	1998	128	2580000	77500	HCIS	800	2800	109.25	33.25
168	Miyun	1960	66	4375000	18700	CISH	92	83	116.75	40.25
169	Bailianhe	1960	55	1210000	85800	CIHF	45	75	106.25	28.25
170	Baishan	1986	150	5320000	12450	HCIS	1500	2003	127.25	42.75
171	Baozhusi	1999	132	2550000	6120	HCI	700	2300	102.25	30.25
172	Bashan	1960	34	509000	1780	ICH	5	8	118.75	35.75
173	Baoshan	1954	48	620000	4100	CIH	5	5	113.75	32.75
174	Chencun	1975	76	2641000	114320	HCIF	150	305	118.25	30.75
175	Chengbihe	1966	70	1130000	55500	HICS	26	120	106.25	23.75
176	Dawangtan	1960	38	585000	0	ICH	5	8	81.75	44.25
177	Dongfeng	1997	162	1025000	19000	HC	510	2420	106.75	26.75
178	Dongjiang	1992	157	9148000	0	HCIS	509	1230	113.75	25.75
179	Erlongsha	1966	31	1726000	0	CI	4	8	124.75	43.25
180	Ertan	1999	240	5800000	116400	HCI	3300	17000	101.75	27.25
181	Fengshuba	1982	95	1540000	0	HCN	150	581	115.25	24.25
182	Fengtingh	1960	54	6159000	0	IH	5	16	81.25	43.75
183	Fenhe	1961	61	721000	0	CIHF	13	19	111.75	38.25
184	Gangnan	1962	63	1571000	0	CIH	41	67	114.25	38.25
185	Gaozhou	1960	52	1151100	0	X	0	0	110.75	21.75
186	Geheyan	1995	151	3440000	7200	HCN	1212	3040	111.25	30.75
187	Gezhouba	1988	53	1580000	6432	HN	2715	15700	111.25	30.25
188	Guanting	1954	52	4160000	0	CIHS	30	59	115.75	40.25
189	Guishi	1966	43	595000	60000	IHC	12	73	113.25	22.25
190	Gutian_No	1956	71	641000	39750	H	66	317	118.75	26.75
191	Guxian	1995	125	1175000	0	CHI	60	91	111.75	34.25
192	Hepu	1960	41	1082000	10300	IHSN	2	10	110.25	22.25
193	Hongfeng	1960	53	600000	57000	HR	20	60	105.75	26.25
194	Hongmen	1983	39	1214000	10400	ICHF	38	110	119.25	26.25
195	Hongshan	1965	31	2560000	2210	CIHF	7	14	120.25	43.25
196	Huairen	1972	79	3400000	98500	HCI	223	463	113.25	39.75
197	Huanglong	1978	107	1162500	36650	HCIS	300	670	110.75	32.75
198	Huangshi	1968	41	612000	47850	CIHN	7	18	111.75	29.25
199	Jinshuita	1986	102	1393000	43400	HCH	300	497	119.25	31.75
200	Liujiaxia	1974	147	6120000	14100	HCFI	1125	4225	103.25	35.75
201	Longhekou	1970	33	848000	6000	CI	3	6	116.75	31.75
202	Longyangx	1997	178	27630000	38300	HCSI	1280	6000	101.25	36.75
203	Lushui	1967	49	706000	72700	CIHFN	38	101	114.25	29.75
204	Manwan	1995	132	920400	23900	HC	1500	7868	113.25	27.25
205	Maojiacun	1971	83	553000	23700	HS	16	73	103.75	25.25
206	Meishan	1956	88	2263000	86800	CIHN	40	114	115.75	31.75
207	Naban	1960	59	824000	4882	ICH	13	37	108.25	22.25
208	Nanshui	1971	81	1243000	40700	H	75	295	114.25	25.25
209	Nanwan	1955	38	1630000	14338	CIHF	6	14	114.75	32.75
210	Niululing	1979	91	701920	23800	HCNF	80	210	110.25	19.25
211	Panjiakou	1984	106	2930000	7960	SHCI	420	638	118.25	39.75
212	Qinhe	1968	40	971000	46000	CI	9	0	124.25	41.75
213	Qingshita	1964	62	560000	3260	IHC	13	53	110.25	25.25
214	Qingtongx	1967	43	735000	8350	IH	302	2400	105.75	37.75
215	Sanmenxia	1960	106	35400000	15200	CHI	250	1000	111.25	34.75
216	Shangyouj	1957	68	822200	48500	HCIN	60	222	114.25	25.75
217	Shizitan	1956	50	1027000	72200	HC	48	162	103.75	30.75
218	Shuangpai	1961	58	690000	76500	IHCN	135	59	111.25	25.75
219	Shuifeng	1943	106	14700000	367500	HCN	630	3480	124.25	40.25
220	Shuifumia	1960	36	560000	6100	IHNC	30	86	112.25	27.75
221	Shuikou	1995	101	2340000	11465	HNS	1400	4950	118.75	26.25
222	Songtao	1970	80	3345000	13300	ICHS	25	120	109.25	28.25
223	Tanghe	1969	48	723000	33600	CS	4	8	123.75	41.25
224	Wanan	1992	65	2216000	10700	HCIN	400	1030	114.75	26.25
225	Wujiangdu	1985	165	2300000	4750	HC	630	3340	106.75	27.75
226	Wuqiangxi	1996	86	2990000	17000	HCIN	1200	5370	110.25	28.75
227	Gongzui	1978	85	357000	1380	HN	707	3590	103.75	29.75
228	Xianghong	1958	88	2632000	9406	CIH	40	96	116.25	31.75
229	Xiaojiang	1960	40	10900	0	I	2	5	108.75	21.75
230	Xidayang	1960	54	1109200	5500	CIH	12	32	114.75	38.75
231	Xijin	1964	41	3000000	370000	HNI	234	1000	109.25	22.75
232	Baipengzh	1987	66	1220000	0	IC	24	75	114.75	22.75
233	Yahekou	1959	34	1316000	110000	ICHF	12	30	112.75	33.25
234	Yantan	1995	110	2430000	11250	HNF	1210	5660	108.25	23.75
235	Yuecheng	1970	53	1090000	48140	I	17	46	114.25	36.25
236	Yunfeng	1967	114	3708000	10600	HCI	400	1340	126.25	42.75
237	Zhanghe	1965	67	2030000	117300	CI	15	12	112.25	30.75
238	Zhaopingt	1959	36	727000	46510	CIHF	7	23	112.75	33.75
239	Zhelin	1972	64	7920000	415600	HCIN	300	535	115.75	29.25
240	Zhexi	1975	104	3570000	17010	HCR	448	2292	112.25	28.75
241	Betania	1984	90	893700	73700	HICS	540	2400	-75.25	2.75
242	Calima	1964	115	581000	19340	H	120	260	-76.75	3.75
243	LaEsmeral	1976	237	760000	12280	H	1000	4380	-73.25	5.25
244	Prado	1971	90	1000000	36000	HI	51	180	-74.75	3.75
245	Salvajina	1985	148	906000	20310	HCI	270	81	-76.75	2.25
246	SanCarlos	1986	70	70000	0	X	0	0	-74.75	6.25
247	SantaRita	1976	60	1236400	63400	H	560	2335	-75.75	6.25
248	Guatavita	1962	54	690000	36930	HCR	9	0	-73.75	5.25
249	Kouilou	1992	137	35000000	0	X	0	0	11.74	-4.25
250	DanielPal	1982	170	120000	3000	X	0	0	-78.75	-2.75
251	Daule-Per	1987	78	6000000	270000	ICHS	210	0	-79.25	-0.75
252	HighAswan	1970	111	162000000	6500000	IHC	2100	7000	32.75	23.75
253	OldAswan	1933	53	1000000	16000	IH	480	2700	32.75	24.25
254	CerronGra	1973	80	1430000	-10000	H	70	0	-88.75	13.75
255	Finchaa	1973	25	650000	-10000	H	0	0	37.75	9.75
256	Koka	1960	42	1900000	-10000	IH	0	0	39.25	8.25
257	Jylhama	1950	15	2343000	928000	H	47	210	26.75	64.75
258	Kaltimo	1958	30	2000000	0	HN	27	14	29.75	62.75
259	Lokka	1967	20	1460000	417000	C	0	0	27.25	67.75
260	Melo	1971	33	699000	124500	H	60	200	23.75	61.75
261	Porttipah	1970	38	1353000	214000	CH	36	101	27.75	67.75
262	Puntariko	1957	14	2390000	293000	H	7	11	30.25	62.75
263	Seitakorv	1963	25	1100000	310000	H	108	484	27.25	66.75
264	Tainionko	1948	17	5600000	4500000	H	60	327	29.25	60.75
265	Mont-Ceni	1968	120	330000	6610	X	0	0	6.75	45.25
266	Roselend	1961	150	190000	3200	X	0	0	6.25	45.75
267	Serre-Pon	1960	129	1270000	28000	HIR	380	700	6.25	44.25
268	Tignes	1952	180	230000	2700	X	0	0	6.75	45.75
269	Akosombo	1965	134	150000000	8482250	H	0	0	0.25	6.25
270	Kastraki	1969	96	950000	28000	HS	320	930	21.25	38.75
271	Kremasta	1965	160	4495000	80600	HF	437	1430	21.25	39.25
272	Mornos	1976	125	780000	0	SI	0	0	22.25	38.75
273	Polyphyt	1974	112	1939000	70500	HF	375	584	22.25	40.25
274	Pournari	1981	107	730000	20600	HF	300	504	22.25	39.25
275	Thissavr	1996	170	705000	18000	H	384	1055	24.25	41.25
276	ElCajon	1984	234	7085000	109745	HICR	300	0	-87.75	14.75
277	ElPescad	1964	10	1926000	104000	H	0	0	-88.25	15.25
278	Sigalda	1977	44	175000	19000	H	0	0	19.25	64.75
279	Almatti	2005	49	6430000	790000	IH	0	0	76.25	16.25
280	Bargi	1990	69	3920000	272970	IH	0	0	80.25	23.25
281	Bhadra	1953	81	2023000	117300	IH	0	0	76.25	14.25
282	BhakraDa	1963	226	9621000	166000	IH	0	0	76.75	31.25
283	Bhatsa	1983	89	976115	27000	IS	0	0	72.75	19.25
284	GandhiSa	1960	62	7322750	660000	IH	0	0	75.75	24.75
285	Hidkal	1977	62	1444140	78030	I	0	0	75.25	15.75
286	Hirakud	1957	59	8100000	727000	IH	0	0	83.75	21.75
287	IdukkiDa	1974	169	1996000	60000	H	0	0	77.25	9.75
288	Kadana	1979	66	1542000	0	IH	0	0	73.75	23.25
289	Kangsaba	1965	41	1036000	124320	I	0	0	87.25	23.25
290	Karjan	1996	100	630000	34150	I	0	0	73.75	21.75
291	Koyna	1964	103	2797400	115350	H	0	0	74.25	17.25
292	Krishnar	1931	40	1369000	129000	IS	0	0	76.75	12.25
293	Linganam	1965	61	4435000	316650	H	0	0	74.75	14.25
294	Lower_Ma	1985	41	680137	81000	I	0	0	79.25	18.25
295	Mahi_Baj	1983	68	2059000	133000	IH	0	0	74.75	23.75
296	Maithon	1957	56	1369200	107000	IH	0	0	87.25	24.25
297	Mani_Dam	1988	59	1006000	56500	H	0	0	75.75	13.75
298	Matatila	1964	46	1132680	1388500	IH	0	0	78.25	25.25
299	Mettur	1934	70	2708790	153460	IH	0	0	79.25	12.25
300	Nagarjun	1960	125	11561000	284900	IH	0	0	79.25	16.75
301	Narayanp	1982	30	1071000	132000	I	0	0	75.75	16.75
302	Jayakwad	1976	43	2910000	398000	IH	0	0	75.75	19.25
303	PanchatH	1959	49	1497500	15300	IH	0	0	86.75	21.25
304	Pong_Dam	1974	133	8570000	260000	IH	0	0	75.75	31.75
305	Ramganga	1974	128	244960	19720	IH	0	0	78.75	29.75
306	Rihand	1962	91	424750	46080	H	0	0	83.25	24.25
307	SardarSa	2007	163	5180624	378780	IH	0	0	73.25	21.75
308	Singur	1989	33	850171	164380	S	0	0	78.25	17.25
309	Somasila	1978	39	2210000	212280	IS	0	0	79.75	14.75
310	Sriram_S	1977	43	3172000	450820	IH	0	0	77.25	19.25
311	Srisaila	1984	145	8722000	616420	H	0	0	78.75	16.25
312	Sukta	1985	32	89500	12065	I	0	0	76.25	21.75
313	Supa	1987	101	4178000	123000	H	0	0	74.75	15.25
314	Tawa	1978	58	2310000	200550	I	0	0	78.25	23.25
315	Tehri	2006	261	3540000	42000	IS	0	0	78.25	30.25
316	Thein	2000	47	3670000	83000	IH	0	0	75.75	32.25
317	Totladoh	1989	75	1359000	77500	IH	0	0	21.25	79.75
318	Tungabha	1953	49	3764000	390	IH	0	0	76.25	15.25
319	Ukai_Dam	1972	81	8511000	520000	IH	0	0	73.75	21.25
320	UpperWai	1994	43	507000	55360	I	0	0	80.25	22.25
321	Warna	1986	89	964000	29000	I	0	0	74.25	16.75
322	Jatiluhu	1967	105	2556000	77800	IH	31	0	107.25	-6.75
323	Kedungom	1989	62	723000	46000	IH	20	0	110.75	-7.25
324	Siruar	1983	39	2860000	11000	X	0	0	98.75	3.75
325	Wonogiri	1982	40	560000	74	CIH 	13	0	110.75	-7.75
326	Aras	1970	42	1350000	145000	IH	22	88	45.25	39.25
327	Chahnime	1978	17	660000	44690	IS	0	0	61.75	31.25
328	Dez	1962	203	3340000	65000	IH	520	1783	49.25	33.25
329	ShahidAb	1976	200	2900000	54800	IH	1000	3316	50.25	32.25
330	Lar	1980	105	960000	29000	ISH	145	325	54.25	27.75
331	ShahidKa	1971	52	650000	45000	IH	10	56	46.25	36.75
332	Derbendi	1961	128	3000000	0	ICH	0	0	46.25	35.25
333	Dokan	1959	116	6800000	0	IC	0	0	44.25	35.75
334	Haditha	1983	57	8200000	418000	IH	0	0	43.25	33.25
335	Hemren	1983	30	630000	0	ICH	0	0	44.75	33.75
336	Mosul	1983	131	12500000	0	ICH	773	3500	43.25	36.25
337	RazzaDyk	1970	18	26000000	0	C	0	0	43.25	32.75
338	Edolo	1983	25	0	120	X	0	0	10.25	46.25
339	Ayame	1959	30	1100000	180000	H	20	63	-3.25	5.75
340	Byou	1980	37	8300000	895000	H	165	652	-7.25	6.25
341	Kossou	1972	58	27675400	1780000	HI	90	112	-5.75	7.25
342	Doyo	1986	87	10000	300	X	0	0	133.25	35.25
343	Kuriyama	1985	98	10000	320	X	0	0	139.75	36.75
344	Kurokawa	1974	98	30000	0	X	0	0	134.75	34.75
345	KuruyonD	1964	186	200000	0	X	0	0	137.75	36.75
346	Nagawado	1969	155	120000	0	X	0	0	137.75	36.25
347	Naramata	1989	158	90000	2000	X	0	0	139.25	35.75
348	Okutadam	1961	157	601000	11500	H	360	613	138.75	37.25
349	Sakuma	1956	156	330000	0	X	0	0	137.75	35.25
350	Seto	1978	111	20000	520	X	0	0	135.75	34.25
351	Shintoyo	1973	117	50000	0	X	0	0	137.25	34.75
352	Tamahara	1982	116	10000	570	X	0	0	139.25	36.75
353	Tedoriga	1979	154	230000	5250	X	0	0	136.75	36.75
354	Masinga	1980	70	1560000	120000	CH	0	0	37.75	-0.75
355	Turkwel	1991	153	1640000	0	X	0	0	35.75	0.75
356	An_Dong	1977	83	1000000	51500	SIHCNR	90	0	129.25	37.25
357	Chungju	1986	98	1789000	97000	SIHCNR	412	0	127.75	36.75
358	Soyangga	1973	123	1900000	70000	SIHCNR	200	0	127.75	37.75
359	Nam_Ngum	1972	75	7030000	370000	H	150	0	102.25	18.25
360	Batang_A	1985	83	2650000	90000	H	0	0	111.75	1.25
361	Kenyir	1985	155	13600000	369000	CHR	400	600	102.75	5.25
362	Pedu_Dam	1969	61	1047800	0	I	0	0	100.75	6.25
363	Temengor	1978	127	6050000	152000	HC	0	0	101.25	5.25
364	Selingue	1982	23	2170000	430000	INHC	0	0	-7.75	12.75
365	AdolfoRu	1955	81	1014700	64470	IHC	0	0	-109.25	27.25
366	Aguamilp	1994	187	6950000	0	H	960	2131	-104.75	21.75
367	Alvaro_O	1952	90	3237000	163000	IHC	0	0	-109.75	27.75
368	carloz_r	1985	126	782000	0	H	602	0	-99.75	18.25
369	Chicoase	1980	261	1610000	0	X	0	0	-93.25	16.75
370	Chilatan	1986	104	600000	23800	IC	0	0	-102.25	19.25
371	elinfier	1963	148	9340000	145000	H	1032	0	-101.75	18.25
372	PdteGust	1982	114	1800000	60000	IHC	90	0	-108.25	25.25
373	Internac	1968	87	4379000	34500	IHCS	0	0	-101.25	29.25
374	la_angos	1974	146	9200000	420000	H	900	0	-93.75	17.25
375	La_Boqui	1916	74	3990800	210030	IH	0	0	-106.25	28.75
376	LazaroCa	1947	95	3162000	113500	IC	0	0	-115.75	31.25
377	NETZAHUA	1964	138	8300000	230000	HC	1080	0	-92.75	18.25
378	MiguelHi	1956	86	3290000	130000	ICH	0	0	-108.75	26.25
379	Plutarco	1964	133	3030000	100000	H	135	0	-110.75	29.25
380	Presiden	1955	76	6515000	315000	ICH	0	0	-98.75	26.25
381	PdteALop	1964	107	3150000	113200	IC	0	0	-107.25	24.75
382	Solis	1949	57	1217000	848000	IC	0	0	-100.25	19.75
383	Venustia	1932	35	1385000	198000	IC	0	0	-103.75	19.75
384	vincente	1968	69	250000	12200	I	0	0	-98.75	24.25
385	Zimapan	1994	207	996000	0	H	400	1292	-99.75	25.75
386	Almassir	1979	82	2760000	141000	HIS	197	221	-7.75	32.75
387	BinOuida	1953	133	1384000	38200	HI	229	237	-6.25	32.25
388	Idriss	1973	72	1186000	68000	HI	40	66	-4.75	34.25
389	Mansour	1972	70	529000	47600	HI	10	20	-6.75	30.75
390	Mohammed	1981	40	33600	3860	IS	0	0	-2.75	34.75
391	Oued	1979	67	773000	41000	HIS	36	60	-5.75	35.25
392	Alwhada	1996	88	3800000	123000	HICX	250	390	-5.75	34.75
393	Cabora	1974	171	52000000	2660000	IHC	2075	0	32.75	-15.75
394	Chicamba	1959	75	1536000	120000	HC	34	0	33.25	-19.25
395	Massingi	1976	48	2256000	150700	IHC	40	0	31.75	-23.75
396	Afsluitd	1932	19	5120000	1200000	CS	0	0	5.75	52.75
397	Lauwersm	1969	23	50000	25000	X	0	0	6.25	53.25
398	Oostersc	1986	50	2780000	350000	C	0	0	4.25	51.25
399	Benmore	1965	118	2200000	78900	H	540	1774	170.25	-44.75
400	Hawea	1959	32	2180000	150000	H	0	0	169.25	-44.75
401	Moawhang	1975	68	975000	5400	H	0	0	175.75	-39.75
402	Pukaki	1976	61	6300000	174000	H	0	0	170.25	-44.25
403	Jebba	1984	40	1000000	360000	HN	560	1500	4.75	9.25
404	Kainji	1968	66	15000000	1250	H	0	0	4.75	10.25
405	Shiroro	1984	125	7000000	312000	H	0	0	6.25	9.75
406	Tiga	1974	48	1968000	178000	IS	0	0	8.15	11.15
407	Forrevat	1986	90	2786000	84478	H	1240	2913	7.25	59.75
408	Langavat	1981	57	142300	790	H	0	0	8.25	61.75
409	Oddatjor	1986	140	3105000	80000	H	1240	2913	5.75	59.25
410	Vatnedal	1984	120	1150000	14421	H	330	1417	8.25	63.25
411	Hub	1979	49	1139800	82397	SI 	0	0	67.25	25.25
412	Mangla	1967	138	7250000	263460	IH	0	0	73.75	33.25
413	Tarbela	1976	143	13687000	240	IH	0	0	72.75	34.25
414	Bayano	1975	72	4000000	0	H	150	0	-79.75	8.75
415	Madden	1938	76	624000	0	NH	90	0	-79.75	9.25
416	Acaray	1972	41	4290000	432000	H	256	0	-54.75	-25.75
417	Itaipu	1982	190	29000000	1350000	X	0	0	-54.25	-25.75
418	Yacyreta	1997	43	21000000	0	X	0	0	-56.75	-27.25
419	Gallito	1987	112	573000	15000	IH	0	0	-79.25	-7.25
420	Poechos	1975	48	885000	0	I	0	0	-80.75	-4.75
421	Angat	1968	131	850000	23000	HS	0	0	120.75	14.75
422	AltoRaba	1964	94	569000	22000	H	68	97	-8.25	41.75
423	Cabril	1954	136	719000	20230	H	97	301	-8.25	39.75
424	CasteloB	1951	115	1100000	32910	HS	139	390	8.75	39.75
425	PortileF	1984	35	600000	52000	HN	216	1238	22.75	44.25
426	Stanca	1979	43	1290000	77000	CSIHF	30	65	26.75	47.75
427	Vidraru	1965	166	470000	10000	X	0	0	24.75	45.25
428	Manantal	1988	66	11270000	477000	X	0	0	-11.25	14.25
429	Bloemhof	1970	33	1269400	222700	ISC	0	0	25.75	-27.75
430	Drakensb	1982	51	40000	0	X	0	0	29.25	-29.75
431	Gariep	1971	88	5673778	359650	ISH	360	288	25.75	-30.75
432	Vanderkl	1977	108	3236300	133400	IH	240	439	24.75	-29.75
433	Pongolap	1973	89	2445258	132780	I	0	0	32.25	-27.25
434	Sterkfon	1980	93	2616950	67260	S	0	0	29.25	-28.25
435	Vaaldam	1938	63	2536000	291930	IS	0	0	28.25	-26.75
436	Alange	1992	67	851660	51442	ISH	9	0	-6.25	38.75
437	Alarcon	1955	67	1112000	68400	IH	0	0	-2.25	39.75
438	Canales	1988	158	70000	1560	X	0	0	-4.25	37.25
439	Cijara	1956	80	1505000	65650	IH	102	0	-5.25	39.25
440	Alcantar	1969	130	3162000	104000	H	930	1850	-6.75	39.75
441	Mequinen	1964	81	1533780	77200	H	324	593	0.25	41.25
442	Negratin	1984	75	546240	21700	I	0	0	-2.75	37.75
443	Riano	1988	101	651000	22300	IH	85	0	-4.75	42.75
444	Valdecan	1964	98	1446000	73000	IH	255	750	-5.75	39.75
445	Rebnisja	1974	19	740000	70	H	62	140	18.25	66.25
446	Sadvajau	1985	31	605000	44	H	33	118	16.25	66.25
447	Vietas	1966	30	1260000	86	H	0	0	18.75	67.75
448	Seitevar	1967	106	1675000	82	H	220	760	19.75	66.75
449	Skogaby	1922	16	1900000	3500	H	0	0	13.75	56.75
450	Suorva	1972	30	5900000	271	H	325	1010	18.25	67.75
451	Torron	1936	18	1178000	106	H	0	0	14.75	63.25
452	Emosson	1974	180	230000	3300	X	0	0	6.75	46.25
453	Goschene	1960	155	80000	1330	X	0	0	8.75	46.75
454	Mauvoisi	1957	237	180000	2060	X	0	0	7.25	46.25
455	Zervreil	1957	151	100000	1610	X	0	0	9.25	46.75
456	Tehchi	1974	180	250000	4450	X	0	0	120.75	24.25
457	Zengwen	1973	137	9924000	17140	IHS	50	224	120.25	23.25
458	Nyumba	1966	42	1135000	0	HI	0	0	38.75	-5.25
459	Bang_Lan	1981	85	1404000	50900	IHC	72	0	101.25	6.75
460	Bhumibol	1964	154	13462000	300000	IHCS	720	0	98.75	16.25
461	Rajjapra	1987	94	5640000	165000	IHCS	240	0	99.25	9.25
462	KhaoLaem	1985	92	8860000	388000	IHCS	306	0	98.75	14.25
463	Lam_Pao	1969	33	1430000	240000	IS	0	0	102.75	17.25
464	Sirikit	1974	114	9510000	260000	IHCS	500	0	100.25	17.75
465	Sirindho	1971	42	1966000	288330	HI	36	0	104.75	15.25
466	Srinagar	1978	140	17745000	419000	IHCS	720	0	99.25	14.25
467	Ubol_Rat	1966	35	2263000	410000	IHCSF	25	0	102.75	16.75
468	SidiSale	1981	70	555000	45000	SCIH	0	0	9.25	36.75
469	Adiguzel	1989	145	1188000	25900	IHC	62	280	29.25	37.75
470	Altinkay	1988	195	5760000	118310	H	700	1632	35.25	41.25
471	Arpacay	1983	59	525000	41800	I	0	0	43.25	40.75
472	Ataturk	1992	169	48700000	817000	IH	2400	8900	38.25	37.25
473	HasanUgu	1981	179	1073750	22660	H	500	1217	36.25	40.75
474	Batman	1998	85	1250000	49250	IHC	198	483	41.25	37.75
475	Camlidere	1985	106	1226000	32200	S	0	0	39.25	37.25
476	Catalan	1997	82	2126330	81860	HC	169	596	35.25	37.25
477	Demirkop	1960	77	814400	47700	ICH	69	193	28.25	38.75
478	Dicle	1997	87	595000	24500	IH	110	298	40.25	38.25
479	Gokcekay	1972	158	910000	20000	HI	248	562	30.25	39.75
480	Hirfanli	1959	83	5980000	263000	H	128	400	33.75	39.25
481	Karacaor	1989	93	1234000	45500	IHC	32	142	30.25	37.75
482	Keban	1975	210	30600000	687000	H	1330	6000	38.75	38.75
483	Kilickay	1989	134	1400000	64400	I	124	332	36.75	41.25
484	Kralkizi	1997	126	1919000	57500	H	90	146	40.25	37.75
485	Oymapina	1984	185	300000	4700	X	0	0	36.25	36.25
486	OwenFall	1954	30	204000	43500	HI	150	0	33.25	0.75
487	Albeni_f	1955	55	1424672	382834	HC	43	0	-116.75	48.25
488	BathCoun	1985	42	30000	2220	X	0	0	-79.75	38.25
489	Beaver	1963	70	2407757	114203	CHSRF	0	0	-93.75	36.25
490	BlakelyM	1953	73	4638756	162279	HCR	0	0	-93.25	34.75
491	Blenheim	1973	30	10000	0	X	0	0	-74.25	42.25
492	BlueMesa	1966	119	1160337	37150	HIRC	86	0	-107.25	38.25
493	Bonnevil	1937	60	662380	83366	HNR	1070	0	-121.75	45.75
494	BrokenBo	1968	69	1972276	82961	CRHSX	7	0	-94.75	34.25
495	Buchanna	1937	45	1211279	93321	SXIH	0	0	-98.25	30.75
496	BuffaloB	1910	107	795028	39497	HISRF	18	0	-109.25	44.25
497	Buford	1958	70	3150313	190939	CHR	0	0	-84.25	34.25
498	BullShoa	1951	86	6670671	1838898	CHSRF	23	0	-92.75	36.25
499	CanyonFe	1954	69	2529872	142369	HCISR	50	0	-111.75	46.75
500	CenterHi	1951	76	2580444	73734	CHR	0	0	-85.75	36.25
501	Chief_Jo	1955	70	731455	33994	HR	2512	0	-119.75	48.25
502	Choke_Ca	1982	43	1352218	106085	SR	0	0	-98.25	28.25
503	Clarence	1983	57	2296607	33994	CHSR	0	0	-91.25	39.25
504	JStromTh	1954	61	4711901	287328	HCR	38	0	-82.25	33.75
505	Conkling	1930	29	976918	104976	HCNSR	0	0	-73.75	43.25
506	Coolidge	1929	77	1323526	76080	IHR	0	0	-110.75	33.25
507	Cougar	1964	158	270000	5180	X	0	0	-112.25	44.25
508	Dale_Hol	1943	61	2104320	112098	HCR	54	0	-85.75	36.75
509	Davis	1953	61	2242840	114122	H	0	0	-114.75	35.25
510	Denison	1944	50	6406907	351713	CSHX	0	0	-97.25	33.75
511	Don_Pedr	1971	178	2837009	52609	HICFR	189	0	-120.25	37.75
512	Dworshak	1973	219	4391196	69161	CHRSF	400	0	-116.25	46.25
513	Elephant	1916	92	2932354	15378	CIHR	28	0	-107.25	33.25
514	Eufaula	1964	35	4718562	578702	CSHRX	0	0	-95.75	35.25
515	FlamingG	1964	153	4937752	177334	SHRC	152	0	-109.25	40.75
516	FortPeck	1957	78	23559506	376359	CHINR	185	0	-106.75	47.75
517	FortRand	1954	52	7770937	479149	CHINR	0	0	-98.75	43.25
518	Garrison	1953	64	30220309	538234	CHINR	515	0	-101.25	47.25
519	Glen_Can	1964	216	35550185	686754	HIRX	900	0	-111.75	36.75
520	Grand_Co	1942	168	11794555	333057	IC	0	0	-119.25	48.25
521	Greers_F	1962	75	3508023	127315	CHSRF	0	0	-92.25	35.75
522	HarrySTr	1978	30	6416573	225006	HCRS	160	0	-93.25	38.25
523	Hartwell	1962	62	4241575	226422	HCR	344	0	-82.75	34.75
524	Hoover	1936	223	37296795	663687	SHI	1434	0	-114.25	36.25
525	Hungry_H	1953	172	4425733	97530	IHC	428	0	-114.75	47.75
526	Falcon	1953	53	3918772	467009	CIH	0	0	-99.25	26.75
527	Iroquois	1958	20	29960000	0	X	0	0	-75.75	44.75
528	John_Day	1968	70	3120709	222578	HCRN	2160	0	-120.75	45.75
529	John_H.K	1953	44	4148817	197892	HRSFX	0	0	-77.75	36.25
530	Kerr	1939	59	2209166	505049	HR	168	0	-114.25	47.25
531	Kentucky	1944	63	2620000	0	X	0	0	-88.75	37.25
532	Kingsley	1941	49	2344356	0	HI	0	0	-101.75	41.25
533	Saluda	1930	71	1990840	194250	H	0	0	-81.25	34.25
534	Lewis_Sm	1961	91	2060778	85794	HCNR	158	0	-87.25	33.75
535	Libby	1973	129	7434196	188179	HCR	525	0	-115.25	48.75
536	Little_R	1969	46	1178698	74349	HSR	0	0	-78.75	33.75
537	Livingst	1969	30	2522471	334271	S	0	0	-94.75	30.75
538	Ludingto	1973	52	100000	30	X	0	0	-86.25	43.75
539	Marshall	1942	33	3833909	174359	CHISR	0	0	-97.75	30.25
540	McNary	1953	67	1100000	0	X	0	0	-119.25	45.75
541	McNaryLo	1954	67	1665201	157019	NHCRIF	980	0	-119.75	45.75
542	Monticel	1957	93	2346189	84984	ISCR	0	0	-121.25	38.75
543	Mossyroc	1968	185	2078417	47874	HCR	300	0	-122.25	46.75
544	Navajo	1963	123	2450435	76891	IRC	0	0	-107.75	36.75
545	New_Bull	1969	197	1245817	19546	HCISFR	362	0	-121.75	39.25
546	New_Melo	1979	191	3540093	54430	ICHRF	300	0	-120.75	37.75
547	Norfork	1944	76	2445995	89031	CHSRF	0	0	-92.25	35.25
548	North	1951	44	1572690	109265	CNIH	0	0	-118.75	47.75
549	Oahe	1966	75	29110175	1521623	CHINR	144	0	-100.75	44.75
550	Oroville	1968	235	4366526	63941	CISHR	762	0	-121.25	39.75
551	Osage	1931	45	3302031	223962	HCR	0	0	-92.75	38.25
552	Owyhee	1932	127	1480178	77902	IR	0	0	-116.75	43.75
553	Palisade	1957	82	1748843	65681	IHCRF	177	0	-111.25	43.25
554	Pathfind	1909	65	1253834	89088	IH	0	0	-106.75	42.25
555	Pensacol	1940	46	2072250	188179	HC	0	0	-87.25	30.75
556	Pine_Fla	1954	134	1233482	24160	CIRH	165	0	-119.25	36.75
557	QuabbinG	1938	61	2232602	102180	S	0	0	-72.25	42.25
558	R.L._Har	1983	46	525463	43144	HFR	135	0	-85.75	33.25
559	RichardB	1986	59	1835626	107861	HCR	600	0	-81.75	33.25
560	RobertLe	1969	43	999120	72844	SR	0	0	-100.75	31.75
561	Ross	1949	165	1791941	47259	H	360	0	-121.25	48.75
562	Sam_Rayb	1965	40	7815589	463367	SRCH	0	0	-94.25	31.25
563	San_Luis	1967	116	2545302	51679	IHR	0	0	-121.25	37.25
564	Sanford	1965	69	3002567	123292	SCRX	0	0	-101.75	35.75
565	Sardis	1940	36	3720182	43302	CR	0	0	-89.75	34.25
566	Seminoe	1939	90	1254795	82115	IHR	52	0	-122.25	40.75
567	Smith_Mo	1963	72	1408636	0	HR	0	0	-79.25	37.25
568	SoldierC	1973	83	1390887	70011	ISHRFC	0	0	-110.25	40.25
569	Stockton	1969	49	2064849	100767	CHR	0	0	-93.75	37.75
570	Swift	1958	126	931896	18697	HCR	204	0	-122.25	46.25
571	Table_Ro	1959	79	4270315	174420	CHSRF	30	0	-93.25	36.75
572	Tiber	1956	63	1757068	96336	ISCR	0	0	-109.75	48.75
573	Toledo_B	1966	34	6287674	734912	HSNR	0	0	-93.75	31.25
574	Trinity	1962	164	3405483	71719	IHCR	106	0	-122.75	40.75
575	Tuttle_C	1962	48	2783969	54026	CRN	0	0	-96.75	39.25
576	Twin_But	1963	41	1341449	132171	ICR	0	0	-100.25	31.25
577	WalterFG	1962	52	1152566	182842	NHRC	0	0	-85.25	31.75
578	Wanapum	1965	63	981852	59570	HC	1017	0	-119.75	46.75
579	WarmSpri	1982	97	470000	0	X	0	0	-122.75	38.75
580	West_Poi	1974	37	746257	104668	CHR	0	0	-85.25	32.75
581	Wolf_Cre	1951	79	7510672	203355	HCR	270	0	-85.25	36.75
582	Yellowta	1966	160	1760598	72674	ICHXRS	250	0	-107.75	45.25
583	Kompieng	1987	50	2000000	220000	X	0	0	0.75	11.25
584	Princond	1983	66	2850000	320000	X	0	0	-58.25	-33.25
585	RinconDe	1946	51	8800000	1070000	X	0	0	-56.25	-32.75
586	Andizhan	1980	115	1750000	57000	HI 	0	0	72.75	40.75
587	Boguchan	2002	87	58200000	2326000	HS	0	0	102.75	58.25
588	Bratsk	1964	125	169000000	5470000	HNS	4500	22500	101.75	56.25
589	Bukhtarm	1960	90	49800000	5490000	HN	0	0	83.25	49.75
590	Bureya	2003	139	20900000	740000	HC	0	0	129.75	49.75
591	Chardara	1965	27	6700000	900000	HN	0	0	68.25	41.25
592	Charvak	1977	168	2000000	40000	HI	0	0	69.75	41.75
593	Cheboksa	1986	42	12800000	2182000	HN	1404	2100	47.25	56.25
594	Chimkurg	1963	33	500000	49200	I	0	0	65.75	38.75
595	Chirkey	1978	233	2780000	42500	HIS	0	0	46.75	43.25
596	Dneiper	1932	62	3320000	410000	HNIS	0	0	35.25	48.25
597	Dnieprod	1964	35	2460000	567000	HN	0	0	34.75	48.75
598	Dniestr	1983	80	3000000	141000	HIC	0	0	27.75	48.25
599	Gorky	1955	32	8700000	1590000	HNS	0	0	43.25	56.75
600	Inguri	1980	272	1100000	13500000	HI	0	0	41.75	42.75
601	Iova	1960	27	2000000	294000	H	0	0	32.73	68.760002
602	Irganay	2003	110	705000	18000	H	0	0	47.75	42.75
603	Irikla	1958	49	3260000	260000	HIS	0	0	58.75	52.25
604	Irkutsk	1956	44	46000000	33000000	H	662	4000	104.25	52.25
605	Ivankovo	1937	28	1170000	327000	HNS	0	0	36.25	56.75
606	Kairakku	1957	32	4160000	513000	HI	0	0	69.75	40.25
607	Kakhovsk	1955	37	18180000	2155000	HNIS	0	0	33.25	46.75
608	Kama	1954	37	12200000	1920000	HNS	0	0	56.25	58.25
609	Kanev	1976	40	2480000	581900	HNS	0	0	31.25	50.25
610	Kapchaga	1970	52	28100000	1850000	HNIS	0	0	77.25	43.75
611	Kattakur	1968	31	900000	79500	I	0	0	66.25	39.75
612	Khudoni	2004	200	370000	5220	X	0	0	43.75	42.25
613	Kiev	1964	38	3730000	922000	HN	0	0	30.75	50.75
614	Knizhaya	1955	19	3430000	610000	H	0	0	31.75	68.75
615	Krasnoda	1975	23	3048000	400000	I	0	0	39.25	45.25
616	Krasnoya	1967	124	73300000	2000000	HN	6000	19600	92.25	55.75
617	Kremench	1960	33	13520000	2252000	HNIS	0	0	33.25	49.25
618	Kuibyshe	1955	45	58000000	6150000	HNIS	2300	9500	49.75	53.25
619	Kumskaya	1963	20	10800000	1910000	H	0	0	31.75	66.75
620	Kureiska	1989	81	9900000	500000	H	0	0	88.25	69.25
621	Mingecha	1953	80	16000000	605000	HNIC	0	0	47.25	40.25
622	Novosibr	1957	27	8800000	1070000	HNS	0	0	82.75	54.75
623	Onda	1956	36	10900000	2070000	HN	0	0	36.75	61.25
624	Pavlovsk	1959	53	1410000	117000	HNS	0	0	56.75	55.25
625	Plyavina	1965	58	510000	349000	H	0	0	26.25	56.75
626	Rogun	1990	335	13300000	170000	HI	0	0	69.25	38.25
627	Rybinsk	1941	30	25400000	4450000	HNS	360	900	38.75	58.25
628	Saratov	1967	40	12900000	1830000	HNIS	1359	5000	47.75	52.25
629	Verkhney	1976	125	560000	14200	IH	0	0	47.25	40.75
630	Sayano	1990	242	31300000	521000	NH	6400	22800	91.25	53.25
631	Serebria	1970	78	4170000	556000	H	0	0	35.25	69.25
632	Shulbins	1987	36	2390000	255000	HNI	0	0	76.75	52.25
633	Tashutku	1974	28	620000	77600	I	0	0	73.75	43.25
634	Toktogul	1978	215	19500000	284000	HI	0	0	72.75	41.75
635	Tsimlyan	1952	41	24000000	2700000	HNI	0	0	42.25	47.75
636	Uglich	1940	26	1240000	249000	NHS	110	200	38.25	57.75
637	UstIlim	1977	102	59300000	1890000	HN	3840	21200	102.75	57.75
638	UstKamen	1952	65	630000	37000	HNS	0	0	82.75	49.75
639	UstKhant	1970	65	23500000	17600	H	0	0	87.75	68.25
640	Verkhne	1952	32	17500000	9730000	HN	0	0	35.25	62.25
641	VerkhneT	1965	30	11520000	745000	H	0	0	31.25	68.75
642	Vilyui	1967	64	35900000	2170000	H	0	0	112.25	62.75
643	Volgogra	1958	44	31500000	3120000	HNIS	2541	10800	44.75	48.75
644	Volkhov	1926	18	3000000	1120000	HN	0	0	32.25	59.75
645	Votkinsk	1963	44	9400000	1120000	HN	1000	2400	54.25	56.75
646	Yuzhnosu	1967	30	800000	6500	I	0	0	67.75	37.75
647	Zeya	1978	115	68400000	2420000	HNC	0	0	127.25	53.75
648	Zhinvali	1985	102	520000	11500	HS	0	0	44.75	41.75
649	AguaViva	1994	35	156400	8900	ICR	0	0	-70.75	9.75
650	Guarico	1957	30	1840390	230748	IC	0	0	-67.25	8.75
651	Guri	1986	162	135000000	4250000	H	10000	52000	-63.75	8.25
652	Vueltosa	1994	135	5700000	118000	HIC	770	0	-71.25	7.25
653	Cuevas	1986	108	1400000	0	X	0	0	-72.25	7.75
654	Masparro	1988	61	856500	36909	ICHR 	0	0	-70.25	8.25
655	Tiznados	1983	39	882150	74280	IXSCR	0	0	-67.25	9.75
656	Tocomo	2002	58	1800000	0	X	0	0	-62.75	8.25
657	DjerpapI	1972	62	2550000	1070	HN	0	0	22.75	44.75
658	Spilje	1969	112	520000	13200	H	84	192	20.75	41.75
659	Kariba	1959	128	180600000	5100000	H	0	0	28.25	-16.75
660	Kyle	1960	67	1425000	91050	I	0	0	31.25	-20.25
